(kicad_pcb (version 4) (host pcbnew 4.0.2+dfsg1-stable)

  (general
    (links 122)
    (no_connects 0)
    (area 132.410287 64.4292 198.405141 101.760001)
    (thickness 1.6)
    (drawings 19)
    (tracks 688)
    (zones 0)
    (modules 54)
    (nets 55)
  )

  (page USLetter)
  (title_block
    (title "Can Breakout")
    (date 2016-10-31)
    (rev 3.0)
    (company "Cedarville Supermileage")
    (comment 1 "Samuel Ellicott")
  )

  (layers
    (0 F.Cu signal)
    (31 B.Cu signal)
    (32 B.Adhes user)
    (33 F.Adhes user)
    (34 B.Paste user)
    (35 F.Paste user)
    (36 B.SilkS user)
    (37 F.SilkS user)
    (38 B.Mask user)
    (39 F.Mask user)
    (40 Dwgs.User user)
    (41 Cmts.User user)
    (42 Eco1.User user)
    (43 Eco2.User user)
    (44 Edge.Cuts user)
    (45 Margin user)
    (46 B.CrtYd user)
    (47 F.CrtYd user)
    (48 B.Fab user hide)
    (49 F.Fab user hide)
  )

  (setup
    (last_trace_width 0.2286)
    (trace_clearance 0.1778)
    (zone_clearance 0.2286)
    (zone_45_only no)
    (trace_min 0.1524)
    (segment_width 0.2)
    (edge_width 0.1)
    (via_size 0.6858)
    (via_drill 0.3302)
    (via_min_size 0.6858)
    (via_min_drill 0.3302)
    (uvia_size 0.3)
    (uvia_drill 0.1)
    (uvias_allowed no)
    (uvia_min_size 0)
    (uvia_min_drill 0)
    (pcb_text_width 0.3)
    (pcb_text_size 1.5 1.5)
    (mod_edge_width 0.15)
    (mod_text_size 1 1)
    (mod_text_width 0.15)
    (pad_size 1.55 1.4224)
    (pad_drill 1.0668)
    (pad_to_mask_clearance 0)
    (aux_axis_origin 0 0)
    (visible_elements FFFFFF7F)
    (pcbplotparams
      (layerselection 0x00030_80000001)
      (usegerberextensions false)
      (excludeedgelayer true)
      (linewidth 0.090000)
      (plotframeref false)
      (viasonmask false)
      (mode 1)
      (useauxorigin false)
      (hpglpennumber 1)
      (hpglpenspeed 20)
      (hpglpendiameter 15)
      (hpglpenoverlay 2)
      (psnegative false)
      (psa4output false)
      (plotreference true)
      (plotvalue true)
      (plotinvisibletext false)
      (padsonsilk false)
      (subtractmaskfromsilk false)
      (outputformat 1)
      (mirror false)
      (drillshape 1)
      (scaleselection 1)
      (outputdirectory ""))
  )

  (net 0 "")
  (net 1 VDD)
  (net 2 GND)
  (net 3 "Net-(C3-Pad1)")
  (net 4 +5V)
  (net 5 +3V3)
  (net 6 /NRST)
  (net 7 /io2)
  (net 8 /Vin)
  (net 9 "Net-(D8-Pad2)")
  (net 10 "Net-(D9-Pad2)")
  (net 11 "Net-(P1-Pad2)")
  (net 12 "Net-(P2-Pad2)")
  (net 13 /SWCLK)
  (net 14 /SWDIO)
  (net 15 /USB_DM)
  (net 16 /USB_DP)
  (net 17 "Net-(P5-Pad4)")
  (net 18 /CAN_L)
  (net 19 /CAN_H)
  (net 20 "Net-(R1-Pad1)")
  (net 21 "Net-(R9-Pad1)")
  (net 22 /LED1)
  (net 23 /LED2)
  (net 24 "Net-(U3-Pad1)")
  (net 25 "Net-(U3-Pad2)")
  (net 26 "Net-(U3-Pad3)")
  (net 27 "Net-(U3-Pad4)")
  (net 28 "Net-(U3-Pad5)")
  (net 29 "Net-(U3-Pad6)")
  (net 30 "Net-(U3-Pad10)")
  (net 31 "Net-(U3-Pad11)")
  (net 32 "Net-(U3-Pad12)")
  (net 33 "Net-(U3-Pad13)")
  (net 34 "Net-(U3-Pad19)")
  (net 35 "Net-(U3-Pad21)")
  (net 36 "Net-(U3-Pad22)")
  (net 37 "Net-(U3-Pad25)")
  (net 38 "Net-(U3-Pad26)")
  (net 39 "Net-(U3-Pad27)")
  (net 40 "Net-(U3-Pad28)")
  (net 41 "Net-(U3-Pad29)")
  (net 42 "Net-(U3-Pad30)")
  (net 43 "Net-(U3-Pad31)")
  (net 44 "Net-(U3-Pad38)")
  (net 45 "Net-(U3-Pad42)")
  (net 46 "Net-(U3-Pad43)")
  (net 47 "Net-(U3-Pad44)")
  (net 48 /CAN_RX)
  (net 49 /CAN_TX)
  (net 50 "Net-(U3-Pad16)")
  (net 51 "Net-(U3-Pad14)")
  (net 52 "Net-(U3-Pad15)")
  (net 53 /io1)
  (net 54 "Net-(U3-Pad41)")

  (net_class Default "This is the default net class."
    (clearance 0.1778)
    (trace_width 0.2286)
    (via_dia 0.6858)
    (via_drill 0.3302)
    (uvia_dia 0.3)
    (uvia_drill 0.1)
    (add_net /CAN_H)
    (add_net /CAN_L)
    (add_net /CAN_RX)
    (add_net /CAN_TX)
    (add_net /LED1)
    (add_net /LED2)
    (add_net /NRST)
    (add_net /SWCLK)
    (add_net /SWDIO)
    (add_net /USB_DM)
    (add_net /USB_DP)
    (add_net /Vin)
    (add_net /io1)
    (add_net /io2)
    (add_net GND)
    (add_net "Net-(C3-Pad1)")
    (add_net "Net-(D8-Pad2)")
    (add_net "Net-(D9-Pad2)")
    (add_net "Net-(P1-Pad2)")
    (add_net "Net-(P2-Pad2)")
    (add_net "Net-(P5-Pad4)")
    (add_net "Net-(R1-Pad1)")
    (add_net "Net-(R9-Pad1)")
    (add_net "Net-(U3-Pad1)")
    (add_net "Net-(U3-Pad10)")
    (add_net "Net-(U3-Pad11)")
    (add_net "Net-(U3-Pad12)")
    (add_net "Net-(U3-Pad13)")
    (add_net "Net-(U3-Pad14)")
    (add_net "Net-(U3-Pad15)")
    (add_net "Net-(U3-Pad16)")
    (add_net "Net-(U3-Pad19)")
    (add_net "Net-(U3-Pad2)")
    (add_net "Net-(U3-Pad21)")
    (add_net "Net-(U3-Pad22)")
    (add_net "Net-(U3-Pad25)")
    (add_net "Net-(U3-Pad26)")
    (add_net "Net-(U3-Pad27)")
    (add_net "Net-(U3-Pad28)")
    (add_net "Net-(U3-Pad29)")
    (add_net "Net-(U3-Pad3)")
    (add_net "Net-(U3-Pad30)")
    (add_net "Net-(U3-Pad31)")
    (add_net "Net-(U3-Pad38)")
    (add_net "Net-(U3-Pad4)")
    (add_net "Net-(U3-Pad41)")
    (add_net "Net-(U3-Pad42)")
    (add_net "Net-(U3-Pad43)")
    (add_net "Net-(U3-Pad44)")
    (add_net "Net-(U3-Pad5)")
    (add_net "Net-(U3-Pad6)")
    (add_net VDD)
  )

  (net_class power ""
    (clearance 0.1778)
    (trace_width 0.381)
    (via_dia 0.6858)
    (via_drill 0.3302)
    (uvia_dia 0.3)
    (uvia_drill 0.1)
    (add_net +3V3)
    (add_net +5V)
  )

  (module Connect:1pin (layer F.Cu) (tedit 57F46592) (tstamp 57F6B178)
    (at 111.76 117.475)
    (descr "module 1 pin (ou trou mecanique de percage)")
    (tags DEV)
    (fp_text reference REF** (at 0 -3.048) (layer F.SilkS) hide
      (effects (font (size 1 1) (thickness 0.15)))
    )
    (fp_text value 1pin (at 0 2.794) (layer F.Fab) hide
      (effects (font (size 1 1) (thickness 0.15)))
    )
    (fp_circle (center 0 0) (end 0 -2.286) (layer F.SilkS) (width 0.15))
    (pad 1 thru_hole circle (at 0 0) (size 4.318 4.318) (drill 3.048) (layers *.Cu *.Mask F.SilkS))
  )

  (module Connect:1pin (layer F.Cu) (tedit 57F4657C) (tstamp 57F6B173)
    (at 111.76 97.155)
    (descr "module 1 pin (ou trou mecanique de percage)")
    (tags DEV)
    (fp_text reference REF** (at 0 -3.048) (layer F.SilkS) hide
      (effects (font (size 1 1) (thickness 0.15)))
    )
    (fp_text value 1pin (at 0 2.794) (layer F.Fab) hide
      (effects (font (size 1 1) (thickness 0.15)))
    )
    (fp_circle (center 0 0) (end 0 -2.286) (layer F.SilkS) (width 0.15))
    (pad 1 thru_hole circle (at 0 0) (size 4.318 4.318) (drill 3.048) (layers *.Cu *.Mask F.SilkS))
  )

  (module Connect:1pin (layer F.Cu) (tedit 57F46584) (tstamp 57F6B16E)
    (at 160.02 97.155)
    (descr "module 1 pin (ou trou mecanique de percage)")
    (tags DEV)
    (fp_text reference REF** (at 0 -3.048) (layer F.SilkS) hide
      (effects (font (size 1 1) (thickness 0.15)))
    )
    (fp_text value 1pin (at 0 2.794) (layer F.Fab) hide
      (effects (font (size 1 1) (thickness 0.15)))
    )
    (fp_circle (center 0 0) (end 0 -2.286) (layer F.SilkS) (width 0.15))
    (pad 1 thru_hole circle (at 0 0) (size 4.318 4.318) (drill 3.048) (layers *.Cu *.Mask F.SilkS))
  )

  (module Capacitors_SMD:C_0603_HandSoldering (layer F.Cu) (tedit 541A9B4D) (tstamp 57F4C04E)
    (at 118.684 118.491 180)
    (descr "Capacitor SMD 0603, hand soldering")
    (tags "capacitor 0603")
    (path /57A40F8A)
    (attr smd)
    (fp_text reference C1 (at 2.987 0 180) (layer F.SilkS)
      (effects (font (size 1 1) (thickness 0.15)))
    )
    (fp_text value 10uf (at 0 1.9 180) (layer F.Fab)
      (effects (font (size 1 1) (thickness 0.15)))
    )
    (fp_line (start -1.85 -0.75) (end 1.85 -0.75) (layer F.CrtYd) (width 0.05))
    (fp_line (start -1.85 0.75) (end 1.85 0.75) (layer F.CrtYd) (width 0.05))
    (fp_line (start -1.85 -0.75) (end -1.85 0.75) (layer F.CrtYd) (width 0.05))
    (fp_line (start 1.85 -0.75) (end 1.85 0.75) (layer F.CrtYd) (width 0.05))
    (fp_line (start -0.35 -0.6) (end 0.35 -0.6) (layer F.SilkS) (width 0.15))
    (fp_line (start 0.35 0.6) (end -0.35 0.6) (layer F.SilkS) (width 0.15))
    (pad 1 smd rect (at -0.95 0 180) (size 1.2 0.75) (layers F.Cu F.Paste F.Mask)
      (net 1 VDD))
    (pad 2 smd rect (at 0.95 0 180) (size 1.2 0.75) (layers F.Cu F.Paste F.Mask)
      (net 2 GND))
    (model Capacitors_SMD.3dshapes/C_0603_HandSoldering.wrl
      (at (xyz 0 0 0))
      (scale (xyz 1 1 1))
      (rotate (xyz 0 0 0))
    )
  )

  (module Capacitors_SMD:C_0603_HandSoldering (layer F.Cu) (tedit 541A9B4D) (tstamp 57F4C05A)
    (at 118.679 116.967 180)
    (descr "Capacitor SMD 0603, hand soldering")
    (tags "capacitor 0603")
    (path /57A40F8E)
    (attr smd)
    (fp_text reference C2 (at 3.109 0 180) (layer F.SilkS)
      (effects (font (size 1 1) (thickness 0.15)))
    )
    (fp_text value 0.1uf (at 0 1.9 180) (layer F.Fab)
      (effects (font (size 1 1) (thickness 0.15)))
    )
    (fp_line (start -1.85 -0.75) (end 1.85 -0.75) (layer F.CrtYd) (width 0.05))
    (fp_line (start -1.85 0.75) (end 1.85 0.75) (layer F.CrtYd) (width 0.05))
    (fp_line (start -1.85 -0.75) (end -1.85 0.75) (layer F.CrtYd) (width 0.05))
    (fp_line (start 1.85 -0.75) (end 1.85 0.75) (layer F.CrtYd) (width 0.05))
    (fp_line (start -0.35 -0.6) (end 0.35 -0.6) (layer F.SilkS) (width 0.15))
    (fp_line (start 0.35 0.6) (end -0.35 0.6) (layer F.SilkS) (width 0.15))
    (pad 1 smd rect (at -0.95 0 180) (size 1.2 0.75) (layers F.Cu F.Paste F.Mask)
      (net 1 VDD))
    (pad 2 smd rect (at 0.95 0 180) (size 1.2 0.75) (layers F.Cu F.Paste F.Mask)
      (net 2 GND))
    (model Capacitors_SMD.3dshapes/C_0603_HandSoldering.wrl
      (at (xyz 0 0 0))
      (scale (xyz 1 1 1))
      (rotate (xyz 0 0 0))
    )
  )

  (module Capacitors_SMD:C_0603_HandSoldering (layer B.Cu) (tedit 541A9B4D) (tstamp 57F4C066)
    (at 118.364 113.411 270)
    (descr "Capacitor SMD 0603, hand soldering")
    (tags "capacitor 0603")
    (path /57A40F89)
    (attr smd)
    (fp_text reference C3 (at 1.397 1.9 360) (layer B.SilkS)
      (effects (font (size 1 1) (thickness 0.15)) (justify mirror))
    )
    (fp_text value 10uf (at 0 -1.9 270) (layer B.Fab)
      (effects (font (size 1 1) (thickness 0.15)) (justify mirror))
    )
    (fp_line (start -1.85 0.75) (end 1.85 0.75) (layer B.CrtYd) (width 0.05))
    (fp_line (start -1.85 -0.75) (end 1.85 -0.75) (layer B.CrtYd) (width 0.05))
    (fp_line (start -1.85 0.75) (end -1.85 -0.75) (layer B.CrtYd) (width 0.05))
    (fp_line (start 1.85 0.75) (end 1.85 -0.75) (layer B.CrtYd) (width 0.05))
    (fp_line (start -0.35 0.6) (end 0.35 0.6) (layer B.SilkS) (width 0.15))
    (fp_line (start 0.35 -0.6) (end -0.35 -0.6) (layer B.SilkS) (width 0.15))
    (pad 1 smd rect (at -0.95 0 270) (size 1.2 0.75) (layers B.Cu B.Paste B.Mask)
      (net 3 "Net-(C3-Pad1)"))
    (pad 2 smd rect (at 0.95 0 270) (size 1.2 0.75) (layers B.Cu B.Paste B.Mask)
      (net 2 GND))
    (model Capacitors_SMD.3dshapes/C_0603_HandSoldering.wrl
      (at (xyz 0 0 0))
      (scale (xyz 1 1 1))
      (rotate (xyz 0 0 0))
    )
  )

  (module Capacitors_SMD:C_0603_HandSoldering (layer B.Cu) (tedit 541A9B4D) (tstamp 57F4C072)
    (at 121.6 110.871 180)
    (descr "Capacitor SMD 0603, hand soldering")
    (tags "capacitor 0603")
    (path /57A40FAD)
    (attr smd)
    (fp_text reference C4 (at 2.982 0 180) (layer B.SilkS)
      (effects (font (size 1 1) (thickness 0.15)) (justify mirror))
    )
    (fp_text value 0.1uf (at 0 -1.9 180) (layer B.Fab)
      (effects (font (size 1 1) (thickness 0.15)) (justify mirror))
    )
    (fp_line (start -1.85 0.75) (end 1.85 0.75) (layer B.CrtYd) (width 0.05))
    (fp_line (start -1.85 -0.75) (end 1.85 -0.75) (layer B.CrtYd) (width 0.05))
    (fp_line (start -1.85 0.75) (end -1.85 -0.75) (layer B.CrtYd) (width 0.05))
    (fp_line (start 1.85 0.75) (end 1.85 -0.75) (layer B.CrtYd) (width 0.05))
    (fp_line (start -0.35 0.6) (end 0.35 0.6) (layer B.SilkS) (width 0.15))
    (fp_line (start 0.35 -0.6) (end -0.35 -0.6) (layer B.SilkS) (width 0.15))
    (pad 1 smd rect (at -0.95 0 180) (size 1.2 0.75) (layers B.Cu B.Paste B.Mask)
      (net 4 +5V))
    (pad 2 smd rect (at 0.95 0 180) (size 1.2 0.75) (layers B.Cu B.Paste B.Mask)
      (net 2 GND))
    (model Capacitors_SMD.3dshapes/C_0603_HandSoldering.wrl
      (at (xyz 0 0 0))
      (scale (xyz 1 1 1))
      (rotate (xyz 0 0 0))
    )
  )

  (module Capacitors_SMD:C_0603_HandSoldering (layer B.Cu) (tedit 541A9B4D) (tstamp 57F4C07E)
    (at 121.6 109.347 180)
    (descr "Capacitor SMD 0603, hand soldering")
    (tags "capacitor 0603")
    (path /57A40F8F)
    (attr smd)
    (fp_text reference C5 (at 2.982 0 180) (layer B.SilkS)
      (effects (font (size 1 1) (thickness 0.15)) (justify mirror))
    )
    (fp_text value 1uf (at 0 -1.9 180) (layer B.Fab)
      (effects (font (size 1 1) (thickness 0.15)) (justify mirror))
    )
    (fp_line (start -1.85 0.75) (end 1.85 0.75) (layer B.CrtYd) (width 0.05))
    (fp_line (start -1.85 -0.75) (end 1.85 -0.75) (layer B.CrtYd) (width 0.05))
    (fp_line (start -1.85 0.75) (end -1.85 -0.75) (layer B.CrtYd) (width 0.05))
    (fp_line (start 1.85 0.75) (end 1.85 -0.75) (layer B.CrtYd) (width 0.05))
    (fp_line (start -0.35 0.6) (end 0.35 0.6) (layer B.SilkS) (width 0.15))
    (fp_line (start 0.35 -0.6) (end -0.35 -0.6) (layer B.SilkS) (width 0.15))
    (pad 1 smd rect (at -0.95 0 180) (size 1.2 0.75) (layers B.Cu B.Paste B.Mask)
      (net 4 +5V))
    (pad 2 smd rect (at 0.95 0 180) (size 1.2 0.75) (layers B.Cu B.Paste B.Mask)
      (net 2 GND))
    (model Capacitors_SMD.3dshapes/C_0603_HandSoldering.wrl
      (at (xyz 0 0 0))
      (scale (xyz 1 1 1))
      (rotate (xyz 0 0 0))
    )
  )

  (module Capacitors_SMD:C_0603_HandSoldering (layer B.Cu) (tedit 541A9B4D) (tstamp 57F4C08A)
    (at 121.6 107.823 180)
    (descr "Capacitor SMD 0603, hand soldering")
    (tags "capacitor 0603")
    (path /57A40F6B)
    (attr smd)
    (fp_text reference C6 (at 2.982 0 180) (layer B.SilkS)
      (effects (font (size 1 1) (thickness 0.15)) (justify mirror))
    )
    (fp_text value 0.1uf (at 0 -1.9 180) (layer B.Fab)
      (effects (font (size 1 1) (thickness 0.15)) (justify mirror))
    )
    (fp_line (start -1.85 0.75) (end 1.85 0.75) (layer B.CrtYd) (width 0.05))
    (fp_line (start -1.85 -0.75) (end 1.85 -0.75) (layer B.CrtYd) (width 0.05))
    (fp_line (start -1.85 0.75) (end -1.85 -0.75) (layer B.CrtYd) (width 0.05))
    (fp_line (start 1.85 0.75) (end 1.85 -0.75) (layer B.CrtYd) (width 0.05))
    (fp_line (start -0.35 0.6) (end 0.35 0.6) (layer B.SilkS) (width 0.15))
    (fp_line (start 0.35 -0.6) (end -0.35 -0.6) (layer B.SilkS) (width 0.15))
    (pad 1 smd rect (at -0.95 0 180) (size 1.2 0.75) (layers B.Cu B.Paste B.Mask)
      (net 4 +5V))
    (pad 2 smd rect (at 0.95 0 180) (size 1.2 0.75) (layers B.Cu B.Paste B.Mask)
      (net 2 GND))
    (model Capacitors_SMD.3dshapes/C_0603_HandSoldering.wrl
      (at (xyz 0 0 0))
      (scale (xyz 1 1 1))
      (rotate (xyz 0 0 0))
    )
  )

  (module Capacitors_SMD:C_0603_HandSoldering (layer B.Cu) (tedit 541A9B4D) (tstamp 57F4C096)
    (at 125.41 109.347 180)
    (descr "Capacitor SMD 0603, hand soldering")
    (tags "capacitor 0603")
    (path /57A40F6A)
    (attr smd)
    (fp_text reference C7 (at -2.86 0 180) (layer B.SilkS)
      (effects (font (size 1 1) (thickness 0.15)) (justify mirror))
    )
    (fp_text value 10uf (at 0 -1.9 180) (layer B.Fab)
      (effects (font (size 1 1) (thickness 0.15)) (justify mirror))
    )
    (fp_line (start -1.85 0.75) (end 1.85 0.75) (layer B.CrtYd) (width 0.05))
    (fp_line (start -1.85 -0.75) (end 1.85 -0.75) (layer B.CrtYd) (width 0.05))
    (fp_line (start -1.85 0.75) (end -1.85 -0.75) (layer B.CrtYd) (width 0.05))
    (fp_line (start 1.85 0.75) (end 1.85 -0.75) (layer B.CrtYd) (width 0.05))
    (fp_line (start -0.35 0.6) (end 0.35 0.6) (layer B.SilkS) (width 0.15))
    (fp_line (start 0.35 -0.6) (end -0.35 -0.6) (layer B.SilkS) (width 0.15))
    (pad 1 smd rect (at -0.95 0 180) (size 1.2 0.75) (layers B.Cu B.Paste B.Mask)
      (net 5 +3V3))
    (pad 2 smd rect (at 0.95 0 180) (size 1.2 0.75) (layers B.Cu B.Paste B.Mask)
      (net 2 GND))
    (model Capacitors_SMD.3dshapes/C_0603_HandSoldering.wrl
      (at (xyz 0 0 0))
      (scale (xyz 1 1 1))
      (rotate (xyz 0 0 0))
    )
  )

  (module Capacitors_SMD:C_0603_HandSoldering (layer F.Cu) (tedit 541A9B4D) (tstamp 57F4C0A2)
    (at 120.97 97.155 180)
    (descr "Capacitor SMD 0603, hand soldering")
    (tags "capacitor 0603")
    (path /57A40FA7)
    (attr smd)
    (fp_text reference C8 (at 3.114 0 180) (layer F.SilkS)
      (effects (font (size 1 1) (thickness 0.15)))
    )
    (fp_text value 0.1uf (at 0 1.9 180) (layer F.Fab)
      (effects (font (size 1 1) (thickness 0.15)))
    )
    (fp_line (start -1.85 -0.75) (end 1.85 -0.75) (layer F.CrtYd) (width 0.05))
    (fp_line (start -1.85 0.75) (end 1.85 0.75) (layer F.CrtYd) (width 0.05))
    (fp_line (start -1.85 -0.75) (end -1.85 0.75) (layer F.CrtYd) (width 0.05))
    (fp_line (start 1.85 -0.75) (end 1.85 0.75) (layer F.CrtYd) (width 0.05))
    (fp_line (start -0.35 -0.6) (end 0.35 -0.6) (layer F.SilkS) (width 0.15))
    (fp_line (start 0.35 0.6) (end -0.35 0.6) (layer F.SilkS) (width 0.15))
    (pad 1 smd rect (at -0.95 0 180) (size 1.2 0.75) (layers F.Cu F.Paste F.Mask)
      (net 6 /NRST))
    (pad 2 smd rect (at 0.95 0 180) (size 1.2 0.75) (layers F.Cu F.Paste F.Mask)
      (net 2 GND))
    (model Capacitors_SMD.3dshapes/C_0603_HandSoldering.wrl
      (at (xyz 0 0 0))
      (scale (xyz 1 1 1))
      (rotate (xyz 0 0 0))
    )
  )

  (module Capacitors_SMD:C_0603_HandSoldering (layer B.Cu) (tedit 541A9B4D) (tstamp 57F4C0AE)
    (at 125.415 110.871 180)
    (descr "Capacitor SMD 0603, hand soldering")
    (tags "capacitor 0603")
    (path /57A40F75)
    (attr smd)
    (fp_text reference C9 (at -2.855 0 180) (layer B.SilkS)
      (effects (font (size 1 1) (thickness 0.15)) (justify mirror))
    )
    (fp_text value 0.1uf (at 0 -1.9 180) (layer B.Fab)
      (effects (font (size 1 1) (thickness 0.15)) (justify mirror))
    )
    (fp_line (start -1.85 0.75) (end 1.85 0.75) (layer B.CrtYd) (width 0.05))
    (fp_line (start -1.85 -0.75) (end 1.85 -0.75) (layer B.CrtYd) (width 0.05))
    (fp_line (start -1.85 0.75) (end -1.85 -0.75) (layer B.CrtYd) (width 0.05))
    (fp_line (start 1.85 0.75) (end 1.85 -0.75) (layer B.CrtYd) (width 0.05))
    (fp_line (start -0.35 0.6) (end 0.35 0.6) (layer B.SilkS) (width 0.15))
    (fp_line (start 0.35 -0.6) (end -0.35 -0.6) (layer B.SilkS) (width 0.15))
    (pad 1 smd rect (at -0.95 0 180) (size 1.2 0.75) (layers B.Cu B.Paste B.Mask)
      (net 5 +3V3))
    (pad 2 smd rect (at 0.95 0 180) (size 1.2 0.75) (layers B.Cu B.Paste B.Mask)
      (net 2 GND))
    (model Capacitors_SMD.3dshapes/C_0603_HandSoldering.wrl
      (at (xyz 0 0 0))
      (scale (xyz 1 1 1))
      (rotate (xyz 0 0 0))
    )
  )

  (module Capacitors_SMD:C_0603_HandSoldering (layer B.Cu) (tedit 541A9B4D) (tstamp 57F4C0BA)
    (at 137.668 101.473)
    (descr "Capacitor SMD 0603, hand soldering")
    (tags "capacitor 0603")
    (path /57A40F79)
    (attr smd)
    (fp_text reference C10 (at 0 -1.524) (layer B.SilkS)
      (effects (font (size 1 1) (thickness 0.15)) (justify mirror))
    )
    (fp_text value 0.1uf (at 0 -1.9) (layer B.Fab)
      (effects (font (size 1 1) (thickness 0.15)) (justify mirror))
    )
    (fp_line (start -1.85 0.75) (end 1.85 0.75) (layer B.CrtYd) (width 0.05))
    (fp_line (start -1.85 -0.75) (end 1.85 -0.75) (layer B.CrtYd) (width 0.05))
    (fp_line (start -1.85 0.75) (end -1.85 -0.75) (layer B.CrtYd) (width 0.05))
    (fp_line (start 1.85 0.75) (end 1.85 -0.75) (layer B.CrtYd) (width 0.05))
    (fp_line (start -0.35 0.6) (end 0.35 0.6) (layer B.SilkS) (width 0.15))
    (fp_line (start 0.35 -0.6) (end -0.35 -0.6) (layer B.SilkS) (width 0.15))
    (pad 1 smd rect (at -0.95 0) (size 1.2 0.75) (layers B.Cu B.Paste B.Mask)
      (net 4 +5V))
    (pad 2 smd rect (at 0.95 0) (size 1.2 0.75) (layers B.Cu B.Paste B.Mask)
      (net 2 GND))
    (model Capacitors_SMD.3dshapes/C_0603_HandSoldering.wrl
      (at (xyz 0 0 0))
      (scale (xyz 1 1 1))
      (rotate (xyz 0 0 0))
    )
  )

  (module Capacitors_SMD:C_0603_HandSoldering (layer F.Cu) (tedit 58011A6E) (tstamp 57F4C0C6)
    (at 153.604 117.475)
    (descr "Capacitor SMD 0603, hand soldering")
    (tags "capacitor 0603")
    (path /57AB01E8)
    (attr smd)
    (fp_text reference C11 (at 2.86 0) (layer F.SilkS)
      (effects (font (size 0.762 0.762) (thickness 0.127)))
    )
    (fp_text value 1uf (at 0 1.9) (layer F.Fab)
      (effects (font (size 1 1) (thickness 0.15)))
    )
    (fp_line (start -1.85 -0.75) (end 1.85 -0.75) (layer F.CrtYd) (width 0.05))
    (fp_line (start -1.85 0.75) (end 1.85 0.75) (layer F.CrtYd) (width 0.05))
    (fp_line (start -1.85 -0.75) (end -1.85 0.75) (layer F.CrtYd) (width 0.05))
    (fp_line (start 1.85 -0.75) (end 1.85 0.75) (layer F.CrtYd) (width 0.05))
    (fp_line (start -0.35 -0.6) (end 0.35 -0.6) (layer F.SilkS) (width 0.15))
    (fp_line (start 0.35 0.6) (end -0.35 0.6) (layer F.SilkS) (width 0.15))
    (pad 1 smd rect (at -0.95 0) (size 1.2 0.75) (layers F.Cu F.Paste F.Mask)
      (net 5 +3V3))
    (pad 2 smd rect (at 0.95 0) (size 1.2 0.75) (layers F.Cu F.Paste F.Mask)
      (net 2 GND))
    (model Capacitors_SMD.3dshapes/C_0603_HandSoldering.wrl
      (at (xyz 0 0 0))
      (scale (xyz 1 1 1))
      (rotate (xyz 0 0 0))
    )
  )

  (module Capacitors_SMD:C_0603_HandSoldering (layer F.Cu) (tedit 58011A65) (tstamp 57F4C0D2)
    (at 153.604 115.951)
    (descr "Capacitor SMD 0603, hand soldering")
    (tags "capacitor 0603")
    (path /57AB01EF)
    (attr smd)
    (fp_text reference C12 (at 2.86 0) (layer F.SilkS)
      (effects (font (size 0.762 0.762) (thickness 0.127)))
    )
    (fp_text value 0.1uf (at 0 1.9) (layer F.Fab)
      (effects (font (size 1 1) (thickness 0.15)))
    )
    (fp_line (start -1.85 -0.75) (end 1.85 -0.75) (layer F.CrtYd) (width 0.05))
    (fp_line (start -1.85 0.75) (end 1.85 0.75) (layer F.CrtYd) (width 0.05))
    (fp_line (start -1.85 -0.75) (end -1.85 0.75) (layer F.CrtYd) (width 0.05))
    (fp_line (start 1.85 -0.75) (end 1.85 0.75) (layer F.CrtYd) (width 0.05))
    (fp_line (start -0.35 -0.6) (end 0.35 -0.6) (layer F.SilkS) (width 0.15))
    (fp_line (start 0.35 0.6) (end -0.35 0.6) (layer F.SilkS) (width 0.15))
    (pad 1 smd rect (at -0.95 0) (size 1.2 0.75) (layers F.Cu F.Paste F.Mask)
      (net 5 +3V3))
    (pad 2 smd rect (at 0.95 0) (size 1.2 0.75) (layers F.Cu F.Paste F.Mask)
      (net 2 GND))
    (model Capacitors_SMD.3dshapes/C_0603_HandSoldering.wrl
      (at (xyz 0 0 0))
      (scale (xyz 1 1 1))
      (rotate (xyz 0 0 0))
    )
  )

  (module Capacitors_SMD:C_0603_HandSoldering (layer B.Cu) (tedit 541A9B4D) (tstamp 57F4C0DE)
    (at 149.418 100.457 180)
    (descr "Capacitor SMD 0603, hand soldering")
    (tags "capacitor 0603")
    (path /57AAFFAA)
    (attr smd)
    (fp_text reference C13 (at -3.49 0 180) (layer B.SilkS)
      (effects (font (size 1 1) (thickness 0.15)) (justify mirror))
    )
    (fp_text value 1uf (at 0 -1.9 180) (layer B.Fab)
      (effects (font (size 1 1) (thickness 0.15)) (justify mirror))
    )
    (fp_line (start -1.85 0.75) (end 1.85 0.75) (layer B.CrtYd) (width 0.05))
    (fp_line (start -1.85 -0.75) (end 1.85 -0.75) (layer B.CrtYd) (width 0.05))
    (fp_line (start -1.85 0.75) (end -1.85 -0.75) (layer B.CrtYd) (width 0.05))
    (fp_line (start 1.85 0.75) (end 1.85 -0.75) (layer B.CrtYd) (width 0.05))
    (fp_line (start -0.35 0.6) (end 0.35 0.6) (layer B.SilkS) (width 0.15))
    (fp_line (start 0.35 -0.6) (end -0.35 -0.6) (layer B.SilkS) (width 0.15))
    (pad 1 smd rect (at -0.95 0 180) (size 1.2 0.75) (layers B.Cu B.Paste B.Mask)
      (net 5 +3V3))
    (pad 2 smd rect (at 0.95 0 180) (size 1.2 0.75) (layers B.Cu B.Paste B.Mask)
      (net 2 GND))
    (model Capacitors_SMD.3dshapes/C_0603_HandSoldering.wrl
      (at (xyz 0 0 0))
      (scale (xyz 1 1 1))
      (rotate (xyz 0 0 0))
    )
  )

  (module Capacitors_SMD:C_0603_HandSoldering (layer B.Cu) (tedit 541A9B4D) (tstamp 57F4C0EA)
    (at 149.418 101.981 180)
    (descr "Capacitor SMD 0603, hand soldering")
    (tags "capacitor 0603")
    (path /57AAFFB1)
    (attr smd)
    (fp_text reference C14 (at -3.49 0 180) (layer B.SilkS)
      (effects (font (size 1 1) (thickness 0.15)) (justify mirror))
    )
    (fp_text value 0.1uf (at 0 -1.9 180) (layer B.Fab)
      (effects (font (size 1 1) (thickness 0.15)) (justify mirror))
    )
    (fp_line (start -1.85 0.75) (end 1.85 0.75) (layer B.CrtYd) (width 0.05))
    (fp_line (start -1.85 -0.75) (end 1.85 -0.75) (layer B.CrtYd) (width 0.05))
    (fp_line (start -1.85 0.75) (end -1.85 -0.75) (layer B.CrtYd) (width 0.05))
    (fp_line (start 1.85 0.75) (end 1.85 -0.75) (layer B.CrtYd) (width 0.05))
    (fp_line (start -0.35 0.6) (end 0.35 0.6) (layer B.SilkS) (width 0.15))
    (fp_line (start 0.35 -0.6) (end -0.35 -0.6) (layer B.SilkS) (width 0.15))
    (pad 1 smd rect (at -0.95 0 180) (size 1.2 0.75) (layers B.Cu B.Paste B.Mask)
      (net 5 +3V3))
    (pad 2 smd rect (at 0.95 0 180) (size 1.2 0.75) (layers B.Cu B.Paste B.Mask)
      (net 2 GND))
    (model Capacitors_SMD.3dshapes/C_0603_HandSoldering.wrl
      (at (xyz 0 0 0))
      (scale (xyz 1 1 1))
      (rotate (xyz 0 0 0))
    )
  )

  (module Capacitors_SMD:C_0603_HandSoldering (layer B.Cu) (tedit 541A9B4D) (tstamp 57F4C0F6)
    (at 145.796 115.758 270)
    (descr "Capacitor SMD 0603, hand soldering")
    (tags "capacitor 0603")
    (path /57A40F71)
    (attr smd)
    (fp_text reference C15 (at 1.209 2.286 360) (layer B.SilkS)
      (effects (font (size 1 1) (thickness 0.15)) (justify mirror))
    )
    (fp_text value 1uf (at 0 -1.9 270) (layer B.Fab)
      (effects (font (size 1 1) (thickness 0.15)) (justify mirror))
    )
    (fp_line (start -1.85 0.75) (end 1.85 0.75) (layer B.CrtYd) (width 0.05))
    (fp_line (start -1.85 -0.75) (end 1.85 -0.75) (layer B.CrtYd) (width 0.05))
    (fp_line (start -1.85 0.75) (end -1.85 -0.75) (layer B.CrtYd) (width 0.05))
    (fp_line (start 1.85 0.75) (end 1.85 -0.75) (layer B.CrtYd) (width 0.05))
    (fp_line (start -0.35 0.6) (end 0.35 0.6) (layer B.SilkS) (width 0.15))
    (fp_line (start 0.35 -0.6) (end -0.35 -0.6) (layer B.SilkS) (width 0.15))
    (pad 1 smd rect (at -0.95 0 270) (size 1.2 0.75) (layers B.Cu B.Paste B.Mask)
      (net 5 +3V3))
    (pad 2 smd rect (at 0.95 0 270) (size 1.2 0.75) (layers B.Cu B.Paste B.Mask)
      (net 2 GND))
    (model Capacitors_SMD.3dshapes/C_0603_HandSoldering.wrl
      (at (xyz 0 0 0))
      (scale (xyz 1 1 1))
      (rotate (xyz 0 0 0))
    )
  )

  (module Capacitors_SMD:C_0603_HandSoldering (layer B.Cu) (tedit 541A9B4D) (tstamp 57F4C102)
    (at 147.066 115.758 270)
    (descr "Capacitor SMD 0603, hand soldering")
    (tags "capacitor 0603")
    (path /57A40F72)
    (attr smd)
    (fp_text reference C16 (at 1.209 -2.286 360) (layer B.SilkS)
      (effects (font (size 1 1) (thickness 0.15)) (justify mirror))
    )
    (fp_text value 0.1uf (at 0 -1.9 270) (layer B.Fab)
      (effects (font (size 1 1) (thickness 0.15)) (justify mirror))
    )
    (fp_line (start -1.85 0.75) (end 1.85 0.75) (layer B.CrtYd) (width 0.05))
    (fp_line (start -1.85 -0.75) (end 1.85 -0.75) (layer B.CrtYd) (width 0.05))
    (fp_line (start -1.85 0.75) (end -1.85 -0.75) (layer B.CrtYd) (width 0.05))
    (fp_line (start 1.85 0.75) (end 1.85 -0.75) (layer B.CrtYd) (width 0.05))
    (fp_line (start -0.35 0.6) (end 0.35 0.6) (layer B.SilkS) (width 0.15))
    (fp_line (start 0.35 -0.6) (end -0.35 -0.6) (layer B.SilkS) (width 0.15))
    (pad 1 smd rect (at -0.95 0 270) (size 1.2 0.75) (layers B.Cu B.Paste B.Mask)
      (net 5 +3V3))
    (pad 2 smd rect (at 0.95 0 270) (size 1.2 0.75) (layers B.Cu B.Paste B.Mask)
      (net 2 GND))
    (model Capacitors_SMD.3dshapes/C_0603_HandSoldering.wrl
      (at (xyz 0 0 0))
      (scale (xyz 1 1 1))
      (rotate (xyz 0 0 0))
    )
  )

  (module Capacitors_SMD:C_0603_HandSoldering (layer B.Cu) (tedit 541A9B4D) (tstamp 57F4C10E)
    (at 145.542 101.981)
    (descr "Capacitor SMD 0603, hand soldering")
    (tags "capacitor 0603")
    (path /57A40FB7)
    (attr smd)
    (fp_text reference C17 (at -3.302 0) (layer B.SilkS)
      (effects (font (size 1 1) (thickness 0.15)) (justify mirror))
    )
    (fp_text value 1uf (at 0 -1.9) (layer B.Fab)
      (effects (font (size 1 1) (thickness 0.15)) (justify mirror))
    )
    (fp_line (start -1.85 0.75) (end 1.85 0.75) (layer B.CrtYd) (width 0.05))
    (fp_line (start -1.85 -0.75) (end 1.85 -0.75) (layer B.CrtYd) (width 0.05))
    (fp_line (start -1.85 0.75) (end -1.85 -0.75) (layer B.CrtYd) (width 0.05))
    (fp_line (start 1.85 0.75) (end 1.85 -0.75) (layer B.CrtYd) (width 0.05))
    (fp_line (start -0.35 0.6) (end 0.35 0.6) (layer B.SilkS) (width 0.15))
    (fp_line (start 0.35 -0.6) (end -0.35 -0.6) (layer B.SilkS) (width 0.15))
    (pad 1 smd rect (at -0.95 0) (size 1.2 0.75) (layers B.Cu B.Paste B.Mask)
      (net 5 +3V3))
    (pad 2 smd rect (at 0.95 0) (size 1.2 0.75) (layers B.Cu B.Paste B.Mask)
      (net 2 GND))
    (model Capacitors_SMD.3dshapes/C_0603_HandSoldering.wrl
      (at (xyz 0 0 0))
      (scale (xyz 1 1 1))
      (rotate (xyz 0 0 0))
    )
  )

  (module Capacitors_SMD:C_0603_HandSoldering (layer B.Cu) (tedit 541A9B4D) (tstamp 57F4C11A)
    (at 145.542 100.457)
    (descr "Capacitor SMD 0603, hand soldering")
    (tags "capacitor 0603")
    (path /57A40FB4)
    (attr smd)
    (fp_text reference C18 (at -3.302 0) (layer B.SilkS)
      (effects (font (size 1 1) (thickness 0.15)) (justify mirror))
    )
    (fp_text value 0.1uf (at 0 -1.9) (layer B.Fab)
      (effects (font (size 1 1) (thickness 0.15)) (justify mirror))
    )
    (fp_line (start -1.85 0.75) (end 1.85 0.75) (layer B.CrtYd) (width 0.05))
    (fp_line (start -1.85 -0.75) (end 1.85 -0.75) (layer B.CrtYd) (width 0.05))
    (fp_line (start -1.85 0.75) (end -1.85 -0.75) (layer B.CrtYd) (width 0.05))
    (fp_line (start 1.85 0.75) (end 1.85 -0.75) (layer B.CrtYd) (width 0.05))
    (fp_line (start -0.35 0.6) (end 0.35 0.6) (layer B.SilkS) (width 0.15))
    (fp_line (start 0.35 -0.6) (end -0.35 -0.6) (layer B.SilkS) (width 0.15))
    (pad 1 smd rect (at -0.95 0) (size 1.2 0.75) (layers B.Cu B.Paste B.Mask)
      (net 5 +3V3))
    (pad 2 smd rect (at 0.95 0) (size 1.2 0.75) (layers B.Cu B.Paste B.Mask)
      (net 2 GND))
    (model Capacitors_SMD.3dshapes/C_0603_HandSoldering.wrl
      (at (xyz 0 0 0))
      (scale (xyz 1 1 1))
      (rotate (xyz 0 0 0))
    )
  )

  (module Diodes_SMD:SOD-123 (layer B.Cu) (tedit 5530FCB9) (tstamp 57F4C12C)
    (at 129.54 114.808 90)
    (descr SOD-123)
    (tags SOD-123)
    (path /57AA4B80)
    (attr smd)
    (fp_text reference D1 (at -3.175 0.127 180) (layer B.SilkS)
      (effects (font (size 1 1) (thickness 0.15)) (justify mirror))
    )
    (fp_text value hi_v (at 0 -2.1 90) (layer B.Fab)
      (effects (font (size 1 1) (thickness 0.15)) (justify mirror))
    )
    (fp_line (start 0.3175 0) (end 0.6985 0) (layer B.SilkS) (width 0.15))
    (fp_line (start -0.6985 0) (end -0.3175 0) (layer B.SilkS) (width 0.15))
    (fp_line (start -0.3175 0) (end 0.3175 0.381) (layer B.SilkS) (width 0.15))
    (fp_line (start 0.3175 0.381) (end 0.3175 -0.381) (layer B.SilkS) (width 0.15))
    (fp_line (start 0.3175 -0.381) (end -0.3175 0) (layer B.SilkS) (width 0.15))
    (fp_line (start -0.3175 0.508) (end -0.3175 -0.508) (layer B.SilkS) (width 0.15))
    (fp_line (start -2.25 1.05) (end 2.25 1.05) (layer B.CrtYd) (width 0.05))
    (fp_line (start 2.25 1.05) (end 2.25 -1.05) (layer B.CrtYd) (width 0.05))
    (fp_line (start 2.25 -1.05) (end -2.25 -1.05) (layer B.CrtYd) (width 0.05))
    (fp_line (start -2.25 1.05) (end -2.25 -1.05) (layer B.CrtYd) (width 0.05))
    (fp_line (start -2 -0.9) (end 1.54 -0.9) (layer B.SilkS) (width 0.15))
    (fp_line (start -2 0.9) (end 1.54 0.9) (layer B.SilkS) (width 0.15))
    (pad 1 smd rect (at -1.635 0 90) (size 0.91 1.22) (layers B.Cu B.Paste B.Mask)
      (net 5 +3V3))
    (pad 2 smd rect (at 1.635 0 90) (size 0.91 1.22) (layers B.Cu B.Paste B.Mask)
      (net 53 /io1))
  )

  (module Diodes_SMD:SOD-123 (layer B.Cu) (tedit 5530FCB9) (tstamp 57F4C13E)
    (at 127.381 114.808 90)
    (descr SOD-123)
    (tags SOD-123)
    (path /57AA4DA9)
    (attr smd)
    (fp_text reference D2 (at -3.175 0 180) (layer B.SilkS)
      (effects (font (size 1 1) (thickness 0.15)) (justify mirror))
    )
    (fp_text value hi_v (at 0 -2.1 90) (layer B.Fab)
      (effects (font (size 1 1) (thickness 0.15)) (justify mirror))
    )
    (fp_line (start 0.3175 0) (end 0.6985 0) (layer B.SilkS) (width 0.15))
    (fp_line (start -0.6985 0) (end -0.3175 0) (layer B.SilkS) (width 0.15))
    (fp_line (start -0.3175 0) (end 0.3175 0.381) (layer B.SilkS) (width 0.15))
    (fp_line (start 0.3175 0.381) (end 0.3175 -0.381) (layer B.SilkS) (width 0.15))
    (fp_line (start 0.3175 -0.381) (end -0.3175 0) (layer B.SilkS) (width 0.15))
    (fp_line (start -0.3175 0.508) (end -0.3175 -0.508) (layer B.SilkS) (width 0.15))
    (fp_line (start -2.25 1.05) (end 2.25 1.05) (layer B.CrtYd) (width 0.05))
    (fp_line (start 2.25 1.05) (end 2.25 -1.05) (layer B.CrtYd) (width 0.05))
    (fp_line (start 2.25 -1.05) (end -2.25 -1.05) (layer B.CrtYd) (width 0.05))
    (fp_line (start -2.25 1.05) (end -2.25 -1.05) (layer B.CrtYd) (width 0.05))
    (fp_line (start -2 -0.9) (end 1.54 -0.9) (layer B.SilkS) (width 0.15))
    (fp_line (start -2 0.9) (end 1.54 0.9) (layer B.SilkS) (width 0.15))
    (pad 1 smd rect (at -1.635 0 90) (size 0.91 1.22) (layers B.Cu B.Paste B.Mask)
      (net 53 /io1))
    (pad 2 smd rect (at 1.635 0 90) (size 0.91 1.22) (layers B.Cu B.Paste B.Mask)
      (net 2 GND))
  )

  (module Diodes_SMD:SOD-123 (layer B.Cu) (tedit 5530FCB9) (tstamp 57F4C150)
    (at 145.399 98.171 180)
    (descr SOD-123)
    (tags SOD-123)
    (path /57AA5676)
    (attr smd)
    (fp_text reference D3 (at -3.175 0 360) (layer B.SilkS)
      (effects (font (size 1 1) (thickness 0.15)) (justify mirror))
    )
    (fp_text value hi_v (at 0 -2.1 180) (layer B.Fab)
      (effects (font (size 1 1) (thickness 0.15)) (justify mirror))
    )
    (fp_line (start 0.3175 0) (end 0.6985 0) (layer B.SilkS) (width 0.15))
    (fp_line (start -0.6985 0) (end -0.3175 0) (layer B.SilkS) (width 0.15))
    (fp_line (start -0.3175 0) (end 0.3175 0.381) (layer B.SilkS) (width 0.15))
    (fp_line (start 0.3175 0.381) (end 0.3175 -0.381) (layer B.SilkS) (width 0.15))
    (fp_line (start 0.3175 -0.381) (end -0.3175 0) (layer B.SilkS) (width 0.15))
    (fp_line (start -0.3175 0.508) (end -0.3175 -0.508) (layer B.SilkS) (width 0.15))
    (fp_line (start -2.25 1.05) (end 2.25 1.05) (layer B.CrtYd) (width 0.05))
    (fp_line (start 2.25 1.05) (end 2.25 -1.05) (layer B.CrtYd) (width 0.05))
    (fp_line (start 2.25 -1.05) (end -2.25 -1.05) (layer B.CrtYd) (width 0.05))
    (fp_line (start -2.25 1.05) (end -2.25 -1.05) (layer B.CrtYd) (width 0.05))
    (fp_line (start -2 -0.9) (end 1.54 -0.9) (layer B.SilkS) (width 0.15))
    (fp_line (start -2 0.9) (end 1.54 0.9) (layer B.SilkS) (width 0.15))
    (pad 1 smd rect (at -1.635 0 180) (size 0.91 1.22) (layers B.Cu B.Paste B.Mask)
      (net 5 +3V3))
    (pad 2 smd rect (at 1.635 0 180) (size 0.91 1.22) (layers B.Cu B.Paste B.Mask)
      (net 7 /io2))
  )

  (module Diodes_SMD:SOD-123 (layer B.Cu) (tedit 5530FCB9) (tstamp 57F4C162)
    (at 145.415 96.139 180)
    (descr SOD-123)
    (tags SOD-123)
    (path /57AA567D)
    (attr smd)
    (fp_text reference D4 (at -3.413 0 360) (layer B.SilkS)
      (effects (font (size 1 1) (thickness 0.15)) (justify mirror))
    )
    (fp_text value hi_v (at 0 -2.1 180) (layer B.Fab)
      (effects (font (size 1 1) (thickness 0.15)) (justify mirror))
    )
    (fp_line (start 0.3175 0) (end 0.6985 0) (layer B.SilkS) (width 0.15))
    (fp_line (start -0.6985 0) (end -0.3175 0) (layer B.SilkS) (width 0.15))
    (fp_line (start -0.3175 0) (end 0.3175 0.381) (layer B.SilkS) (width 0.15))
    (fp_line (start 0.3175 0.381) (end 0.3175 -0.381) (layer B.SilkS) (width 0.15))
    (fp_line (start 0.3175 -0.381) (end -0.3175 0) (layer B.SilkS) (width 0.15))
    (fp_line (start -0.3175 0.508) (end -0.3175 -0.508) (layer B.SilkS) (width 0.15))
    (fp_line (start -2.25 1.05) (end 2.25 1.05) (layer B.CrtYd) (width 0.05))
    (fp_line (start 2.25 1.05) (end 2.25 -1.05) (layer B.CrtYd) (width 0.05))
    (fp_line (start 2.25 -1.05) (end -2.25 -1.05) (layer B.CrtYd) (width 0.05))
    (fp_line (start -2.25 1.05) (end -2.25 -1.05) (layer B.CrtYd) (width 0.05))
    (fp_line (start -2 -0.9) (end 1.54 -0.9) (layer B.SilkS) (width 0.15))
    (fp_line (start -2 0.9) (end 1.54 0.9) (layer B.SilkS) (width 0.15))
    (pad 1 smd rect (at -1.635 0 180) (size 0.91 1.22) (layers B.Cu B.Paste B.Mask)
      (net 7 /io2))
    (pad 2 smd rect (at 1.635 0 180) (size 0.91 1.22) (layers B.Cu B.Paste B.Mask)
      (net 2 GND))
  )

  (module Diodes_SMD:SOD-123 (layer B.Cu) (tedit 5530FCB9) (tstamp 57F4C174)
    (at 124.968 114.824 90)
    (descr SOD-123)
    (tags SOD-123)
    (path /57A40F7C)
    (attr smd)
    (fp_text reference D7 (at -3.159 0 360) (layer B.SilkS)
      (effects (font (size 1 1) (thickness 0.15)) (justify mirror))
    )
    (fp_text value reverse (at 0 -2.1 90) (layer B.Fab)
      (effects (font (size 1 1) (thickness 0.15)) (justify mirror))
    )
    (fp_line (start 0.3175 0) (end 0.6985 0) (layer B.SilkS) (width 0.15))
    (fp_line (start -0.6985 0) (end -0.3175 0) (layer B.SilkS) (width 0.15))
    (fp_line (start -0.3175 0) (end 0.3175 0.381) (layer B.SilkS) (width 0.15))
    (fp_line (start 0.3175 0.381) (end 0.3175 -0.381) (layer B.SilkS) (width 0.15))
    (fp_line (start 0.3175 -0.381) (end -0.3175 0) (layer B.SilkS) (width 0.15))
    (fp_line (start -0.3175 0.508) (end -0.3175 -0.508) (layer B.SilkS) (width 0.15))
    (fp_line (start -2.25 1.05) (end 2.25 1.05) (layer B.CrtYd) (width 0.05))
    (fp_line (start 2.25 1.05) (end 2.25 -1.05) (layer B.CrtYd) (width 0.05))
    (fp_line (start 2.25 -1.05) (end -2.25 -1.05) (layer B.CrtYd) (width 0.05))
    (fp_line (start -2.25 1.05) (end -2.25 -1.05) (layer B.CrtYd) (width 0.05))
    (fp_line (start -2 -0.9) (end 1.54 -0.9) (layer B.SilkS) (width 0.15))
    (fp_line (start -2 0.9) (end 1.54 0.9) (layer B.SilkS) (width 0.15))
    (pad 1 smd rect (at -1.635 0 90) (size 0.91 1.22) (layers B.Cu B.Paste B.Mask)
      (net 1 VDD))
    (pad 2 smd rect (at 1.635 0 90) (size 0.91 1.22) (layers B.Cu B.Paste B.Mask)
      (net 8 /Vin))
  )

  (module Pin_Headers:Pin_Header_Straight_1x03 (layer F.Cu) (tedit 58004BC4) (tstamp 57F4C1EE)
    (at 139.192 113.157)
    (descr "Through hole pin header")
    (tags "pin header")
    (path /57A41710)
    (fp_text reference P4 (at 2.032 5.588 90) (layer F.SilkS) hide
      (effects (font (size 1 1) (thickness 0.15)))
    )
    (fp_text value CONN_01X03 (at 0 -3.1) (layer F.Fab) hide
      (effects (font (size 1 1) (thickness 0.15)))
    )
    (fp_line (start -1.75 -1.75) (end -1.75 6.85) (layer F.CrtYd) (width 0.05))
    (fp_line (start 1.75 -1.75) (end 1.75 6.85) (layer F.CrtYd) (width 0.05))
    (fp_line (start -1.75 -1.75) (end 1.75 -1.75) (layer F.CrtYd) (width 0.05))
    (fp_line (start -1.75 6.85) (end 1.75 6.85) (layer F.CrtYd) (width 0.05))
    (fp_line (start -1.27 1.27) (end -1.27 6.35) (layer F.SilkS) (width 0.15))
    (fp_line (start -1.27 6.35) (end 1.27 6.35) (layer F.SilkS) (width 0.15))
    (fp_line (start 1.27 6.35) (end 1.27 1.27) (layer F.SilkS) (width 0.15))
    (fp_line (start 1.55 -1.55) (end 1.55 0) (layer F.SilkS) (width 0.15))
    (fp_line (start 1.27 1.27) (end -1.27 1.27) (layer F.SilkS) (width 0.15))
    (fp_line (start -1.55 0) (end -1.55 -1.55) (layer F.SilkS) (width 0.15))
    (fp_line (start -1.55 -1.55) (end 1.55 -1.55) (layer F.SilkS) (width 0.15))
    (pad 1 thru_hole rect (at 0 0) (size 2.032 1.7272) (drill 1.016) (layers *.Cu *.Mask F.SilkS)
      (net 2 GND))
